138	59
150	59
168	59
222	59
234	59
312	59
528	59
570	59
702	191
720	277
726	59
840	601
858	59
870	59
936	43
960	59
978	191
990	191
1044	277
1062	191
1146	59
1158	59
1170	59
1230	43
1248	37
1266	191
1278	191
1290	59
1316	37
1326	277
1372	37
1422	277
1428	37
1440	191
1482	59
1506	59
1518	59
1521	59
1530	191
1542	59
1554	59
1596	37
1620	191
1686	277
1698	277
1710	277
1794	43
1818	191
1820	37
1848	43
1860	59
1866	59
1878	59
1890	59
1938	59
1944	59
2040	601
2058	43
2082	59
2088	59
2094	59
2106	59
2136
2142
2160
2190
2212
2238	43
2250	43
2268
2280	37
2352
2382	59
2394	59
2430
2436
2448
2568
2580
2604	37
2622
2660
2682	191
2718
2742	43
2754	43
2760
2828
2850
2856
2880
2884	37
2898
2912
2922
2934
2940	37
2952
2970	277
2976	59
3036
3060
3120
3126
3138
3150
3168	191
3174
3192
3198
3210
3264
3276
3360
3388
3456
3462	191
3474	191
3486
3510
3516	59
3556
3612
3630
3720
3744
3762	59
3780	43
3796
3822
3834	43
3836
3846	59
3858	59
3870	59
3892
3912	43
3948
3976
4016
4032
4060
4068
4086
4088
4092	191
4107
4122
4144
4170
4172
4208
4228
4242
4284
4320
4386
4392
4440	601
4482
4488
4500
4506
4508
4512
4518
4530
4560
4564	37
4566
4578
4590
4620	37
4640
4664
4680
4704
4710
4716	59
4770
4792
4806	43
4812
4830
4848
4896
4914
4920	37
4956
4984
5012
5022
5028
5044
5056
5068
5082
5088	59
5094
5104
5118
5124
5130
5214
5220
5238
5280
5286
5290
5298
5310
5314
5340
5376
5382
5430
5490
5510
5538
5548
5550
5598	59
5664
5670	277
5704
5724
5754
5760
5784
5816
5818
5840
5844
5880
5898
5910
5922
5928	43
5946
5958
5970
5982
5994	43
6020
6030
6056
6068
6076
6108
6140
6160
6174
6188
6234
6240
6244
6246
6264
6294
6300
6306
6318
6364
6366
6378
6390
6402
6408
6414
6426	59
6444
6450
6480
6522
6534
6546
6558
6570	59
6582
6590
6594
6632
6636	37
6654
6656
6660	191
6666
6690
6692
6700
6726
6732
6744
6748
6768
6780
6792
6796
6804
6882
6904
6908
6916
6948
6966
6978
6990
6996
7020
7026
7032
7038
7080
7110
7144
7146
7230
7256
7266
7296	59
7326
7360
7374
7386
7388
7398
7416
7422
7434
7446
7458
7482
7494
7504
7506
7518
7572
7584
7586
7596
7600
7614
7632
7662
7666
7674
7686
7698
7710
7722
7752
7756
7770
7778
7788
7800	43
7812
7820
7824
7828
7866
7868
7878
7902
7924
7950
7962
7974
7980
7992
8022
8024
8026
8028
8034
8056
8064
8070
8084
8096
8114
8118
8120
8144
8148
8172
8176
8190
8204
8260
8262
8274
8280
8300
8316
8322
8334
8344
8346
8358
8360
8370
8376
8388
8394
8406
8418
8430
8456
8472
8476
8484
8496
8514
8520	59
8526
8532
8538
8540
8550
8562
8568
8574
8576
8580
8586
8592
8598
8610
8632
8648
8658
8706
8708
8718
8730
8736
8744
8764
8778
8802
8816
8820
8832
8850
8862
8872
8876
8932
8942
8958
8970
8976
8994
8996
9000
9006
9008
9018
9042
9054
9064
9122
9126
9156
9162
9168
9176
9180
9192
9200
9240	601
9258
9268
9270
9274
9280
9294
9306
9324
9342
9352
9354
9360
9366
9396
9426
9438
9440
9450
9456
9498
9510
9534
9540
9576
9578
9592
9614
9630
9656
9660	43
9696
9728
9750
9762
9774
9780
9782
9784
9786
9798
9810
9840
9844
9846
9848
9856
9858
9882
9888
9894
9906
9916
9918
9928
9930
9936
9960
9996
